2004	11595	11596	2341	190	340	97	0
2004	12171	12188	3115	30	60	7	0
2004	12170	12247	3194	659	1197	294	0
2004	12256	12257	3212	182	471	121	0
2004	12258	12195	3213	89	409	256	0
2004	12260	12259	3214	1912	8850	1748	0
2004	12261	12262	3215	1690	5946	3369	0
2004	11571	12185	3322	259	540	164	0
2004	13379	11601	5727	244	1296	798	0
2004	11560	13751	6643	92	236	75	0
2004	11593	13798	6687	4	37	5	0
2004	11593	11558	6688	52	222	78	0
2004	11591	13793	6689	353	2010	1003	0
2004	15007	15008	8554	75	212	88	0
2004	15024	15012	8568	33	200	66	0
2004	15017	15037	8627	526	3472	916	0
2004	15035	15015	8628	553	2649	787	0
1996	19733	19734	17570	1897	6926	3258	5327
1996	19756	19757	17604	2812	6401	2401	4999
1997	20124	19965	18193	392	1341	910	888
1997	19965	20124	18194	829	1374	562	753
1996	20221	20100	18454	2117	8581	3830	6961
1996	20103	20222	18459	3502	8483	2786	7066
1997	20672	20673	19311	532	1825	824	1031
1997	20673	20672	19314	832	1702	657	942
1996	20918	20924	19944	2685	8661	3024	6187
1996	20924	20918	19945	2616	8502	3274	6051
1997	20852	21206	20725	439	1320	725	794
1997	21206	20852	20727	590	1257	586	878
1997	21339	21340	20962	473	1345	706	1109
1997	21340	21339	20965	560	1619	535	912
1997	21375	21376	21073	649	2690	1181	1203
1997	21376	21375	21075	776	2497	1033	930
1997	21731	21732	21933	2073	6719	2257	3975
1997	21732	21731	21934	2230	7364	2674	4009
1997	21953	21954	22468	314	2458	893	753
1997	21954	21953	22483	668	1919	295	1203
1996	21967	21968	22489	6192	19286	6342	15041
1996	21989	22104	22803	5257	20244	7243	14365
1996	22202	21934	23037	2172	5295	1561	3361
1996	21934	22202	23043	1624	6213	3493	4249
1996	22201	22202	23072	2549	4512	1441	3727
1996	22202	22201	23073	1212	4933	2967	3810
1996	21956	22279	23171	2954	5478	2411	3783
1996	22279	21956	23175	1160	4979	2641	3556
1996	22441	22442	23527	6479	18914	6607	15529
1996	22444	22432	23529	6988	20155	7320	13917
1997	22516	22517	23734	575	1565	508	815
1997	22517	22516	23739	411	1721	788	414
1996	23475	23476	25658	6331	10111	2994	8694
1996	23476	23475	25659	2154	10623	6895	7443
1996	23869	23870	26359	1383	6645	3805	4587
1996	23870	23869	26361	2708	6090	1871	4767
1996	23767	23778	26403	3373	8080	2509	6120
1996	23778	23767	26404	1381	8537	4625	5516
1996	23977	23978	26699	2000	9155	3491	6419
1996	23978	23977	26701	2972	9562	3023	7785
1996	24023	24024	26754	1553	7972	3262	4986
1996	24041	24042	26776	8797	29684	11360	21963
1996	24049	24050	26783	10330	29326	10309	21417
1996	24024	24023	26787	2377	7864	2456	4721
1997	23977	24137	27040	708	2291	686	888
1997	24137	23977	27042	1028	1728	611	957
1996	24234	24235	27322	1786	7900	3901	5449
1996	24235	24234	27323	3216	7571	2423	6129
1996	24332	24333	27584	11342	31441	11003	26791
1996	24337	24338	27587	1203	7407	2510	4953
1996	24338	24337	27588	1237	7791	2581	4014
1996	24348	24349	27600	9624	33130	12347	23878
1996	24235	24355	27618	1976	10480	4763	6716
1996	24355	24235	27619	3367	8828	2855	6550
1996	10842	10827	7117	347	1959	617	830
1996	11118	11120	5346	942	3209	989	1297
1996	11120	11118	6302	679	3936	1542	1648
1996	11504	11505	15861	690	3297	1113	1375
1996	11505	11504	4495	671	3228	1069	1410
1996	11617	12170	18837	302	685	179	305
1996	11652	11653	8199	84	611	174	273
1996	11653	11652	3851	97	639	167	225
1996	11959	11958	16509	775	4119	1225	2504
1996	11960	11961	16510	805	4263	1292	2550
1996	12170	11617	643	94	607	354	488
1996	12201	12202	17460	1853	6973	2205	3663
1996	12204	12203	11465	1765	6575	2107	3539
1996	12354	12709	19359	2649	9651	3144	5156
1996	12724	12391	19372	2026	8857	2809	4570
1996	13410	13447	13909	1654	8100	2423	3310
1996	13447	13410	13910	1802	10568	3186	4653
1996	13657	13658	13946	1727	6709	2263	3574
1996	13660	13659	13947	1766	7031	2144	3353
1996	13663	33695	1294	379	2485	901	1017
1996	13799	13800	22862	274	1502	640	836
1996	13800	13799	1846	488	1541	397	629
1996	13838	14341	23241	951	4976	1505	3265
1996	13904	13905	15805	438	1484	398	688
1996	13905	13904	6798	242	1373	568	928
1996	14337	14338	23239	795	4479	1347	2536
1996	14528	14562	19237	54	241	54	99
1996	14562	14528	9642	42	315	117	139
1996	15009	15012	6688	76	252	74	84
1996	15012	15009	23012	47	261	97	148
1996	15017	15037	23008	454	3043	822	1657
1996	15035	15015	23009	577	2964	770	1679
1996	15065	15066	22547	137	591	179	304
1996	15066	15065	6692	99	655	200	237
1996	15131	15157	18961	160	784	225	475
1996	15157	15131	1537	152	862	239	499
1996	15354	15365	1335	25	144	35	43
1996	15365	15354	17225	18	125	48	42
1996	15429	15430	15770	142	685	190	399
1996	15430	15429	886	85	677	236	400
1996	15485	15488	7840	157	957	275	529
1996	15488	15485	24668	163	915	259	567
1996	15593	15596	17158	212	608	236	393
1996	15596	15593	7788	182	631	302	403
1996	15664	23568	40173	11987	31771	9962	18475
1996	15726	15727	18967	9034	24518	7747	14237
1996	15727	22388	30148	5113	14426	4951	8875
1996	15727	22512	38697	3921	10092	2796	5361
1996	15728	15729	18968	6956	22002	7481	12654
1996	15731	24728	36468	5814	21750	7280	13924
1996	15761	15762	18371	479	2402	993	1261
1996	15762	15761	1181	579	2230	750	1208
1996	15764	19801	1182	350	1094	454	586
1996	15787	19773	0	150	507	224	249
1996	15836	16099	26180	192	1084	340	508
1996	15917	15920	14447	75	312	159	194
1996	15919	15926	4300	72	389	217	298
1996	15920	15917	4730	119	317	105	201
1996	15926	15919	25854	172	430	110	191
1996	15933	15939	4646	229	1393	490	745
1996	15939	15933	7812	310	1373	424	584
1996	15980	15981	25868	210	1203	525	608
1996	15981	15980	11357	415	1079	349	575
1996	15992	33731	2715	89	498	255	341
1996	16099	15836	6147	191	1078	338	503
1996	16112	16117	10907	562	3405	1228	2166
1996	16117	16112	2730	695	3842	1136	2001
1996	16151	16152	26191	86	226	74	109
1996	16152	16151	1477	53	228	106	149
1996	16360	16359	22762	1519	7247	2421	4448
1996	16361	16362	19074	1663	7111	2292	4219
1996	16401	17397	10378	232	778	283	379
1996	17094	17095	23859	5125	12752	4067	6053
1996	17097	17098	23862	3095	13761	6279	7839
1996	17397	16401	27100	160	746	285	409
1996	17474	17510	25924	455	2660	1180	1553
1996	17510	17474	8896	874	2681	752	1260
1996	17525	18979	26347	2040	4511	1436	2258
1996	17555	17556	23645	164	1034	613	780
1996	17556	17555	3274	515	1134	359	749
1996	18206	18207	26094	3280	9112	2840	4555
1996	18207	18623	14894	6635	17426	5678	8588
1996	18311	18312	15673	1913	7904	3962	4819
1996	18319	18321	17587	3401	8447	2878	4093
1996	18611	18204	14982	2733	12974	5826	7801
1996	18690	18712	20692	848	3597	1192	1846
1996	18712	18690	14516	812	4364	1366	2042
1996	18979	17525	26345	991	4499	2304	2866
1996	19564	19674	31981	163	971	294	533
1996	19566	19673	10819	203	1520	444	694
1996	19673	19566	10820	218	1283	403	598
1996	19674	19564	31982	157	918	293	431
1996	19773	15787	0	155	530	202	290
1996	19801	15764	18372	381	1152	479	586
1996	19927	20362	0	2289	6329	2169	3903
1996	20293	20294	31004	301	1400	731	807
1996	20294	20293	4247	554	1194	399	813
1996	20362	19927	0	1584	6555	3033	4334
1996	20405	20427	20455	4608	14842	5274	9579
1996	20427	20405	21242	4235	15548	5939	9557
1996	21259	21596	32307	4690	16619	6475	9865
1996	21599	21256	32311	6405	15884	5379	9603
1996	22242	22476	33706	3865	10430	3433	6563
1996	22243	22237	22639	2822	5929	2241	2860
1996	22243	22346	30744	3830	11944	3418	8291
1996	22249	22254	33708	3304	10403	3574	6942
1996	22253	22254	25609	3766	11216	3558	8314
1996	22254	22436	31709	8372	27459	9648	19272
1996	22361	15728	32080	4346	13161	4548	8298
1996	22430	22242	31703	10466	28192	9047	17659
1996	22477	22254	31151	1310	5874	2530	4037
1996	22506	15728	38699	3005	10037	3346	5111
1996	22701	22704	28310	364	2196	795	1263
1996	22704	22701	3286	517	2331	728	1004
1996	22965	22966	40071	193	888	290	499
1996	22966	22965	440	166	894	294	418
1996	23015	23022	27339	218	1173	346	619
1996	23022	23015	3130	148	1124	377	499
1996	23121	25521	34726	9248	25640	6687	14479
1996	23126	27210	3102	6	104	40	44
1996	23153	26717	45728	97	406	168	238
1996	23477	23478	33484	8398	28860	10966	20283
1996	23517	23518	37277	10803	31411	11393	20180
1996	23548	23549	40130	8594	31412	11971	20781
1996	24518	25679	45374	11744	35810	10317	23582
1996	24618	25277	39868	9380	37741	11789	27084
1996	24700	24701	36851	8515	23188	7636	15437
1996	24701	24708	40563	4004	10304	2794	5869
1996	24701	24787	42905	5286	14868	5433	10754
1996	24708	24710	36467	8030	19788	6033	11852
1996	24713	24714	42906	3697	12887	3708	8457
1996	24714	24715	37980	9438	28973	8809	18592
1996	24716	24708	37981	4027	9485	3240	5983
1996	24728	24717	41770	2181	9086	3639	5607
1996	24774	24714	39417	6292	17978	5661	11330
1996	25281	24585	40168	13319	38144	10797	25363
1996	25383	25384	39939	10319	29710	7835	17739
1996	25386	25387	39942	7116	28857	8121	18611
1996	25523	23116	34729	4845	25760	10397	17188
1996	25612	25613	40999	8455	29479	11057	19801
1996	25614	25615	41001	10376	28487	10214	19468
1996	25676	24514	45372	8660	35524	11967	24971
1996	26357	26358	31734	9750	22460	7198	12774
1996	26360	26357	28597	4781	22218	11468	16912
1996	26717	23153	45727	129	421	162	237
1996	26918	26919	40034	1287	6446	2166	3875
1996	26951	26980	42567	1383	7339	3580	5302
1996	26980	26951	47039	2764	7717	2558	4324
1996	27071	26915	37957	1137	5025	1747	3310
1996	27210	23126	39211	14	185	37	39
1996	28583	28596	3110	155	1474	616	803
1996	28596	28583	43405	380	1676	426	849
1996	28636	28643	52260	125	937	287	452
1996	28637	28638	52254	93	402	80	103
1996	28638	28637	850	31	372	150	124
1996	28642	28636	52259	165	966	281	587
1996	28772	28775	3834	166	1531	499	648
1996	28775	28772	50344	300	1654	389	470
1996	28870	31031	53635	46	261	74	125
1996	28877	28878	52211	131	577	185	299
1996	28878	28877	11774	129	586	176	285
1996	28950	28952	48869	58	259	83	145
1996	28952	28950	12165	69	304	75	108
1996	28977	28982	6406	288	1213	342	424
1996	28982	28977	50479	298	1046	366	517
1996	29096	29097	38330	1308	3977	1061	1526
1996	29097	29096	49364	694	3722	1716	2391
1996	29200	33689	2079	42	181	49	89
1996	29222	29223	33501	38	226	61	101
1996	29223	29222	9302	47	243	58	81
1996	29245	29250	49178	40	284	93	128
1996	29250	29245	6564	60	287	64	102
1996	29324	29985	4003	175	712	217	307
1996	29423	29801	12733	1154	4849	1898	2280
1996	29801	29423	52620	1376	4990	1702	2415
1996	29871	29872	9459	376	1497	402	741
1996	29872	29871	45841	234	1536	631	869
1996	29892	29895	11890	608	2513	682	1259
1996	29895	29892	45131	399	2707	1025	1541
1996	29985	29324	45797	146	726	263	373
1996	30083	30084	49803	99	495	246	312
1996	30084	30083	8566	186	530	150	218
1996	30133	10057	4096	66	356	104	142
1996	30294	30419	51390	832	4086	1266	2233
1996	30421	30420	44041	697	3919	1270	2293
1996	30503	30517	46392	120	585	173	374
1996	30517	30503	2460	88	513	153	286
1996	30653	30652	49562	357	2328	617	1247
1996	30654	30655	49563	318	2153	638	1420
1996	30658	30669	49569	63	197	44	132
1996	30669	30658	11603	54	234	87	114
1996	30674	30690	0	22	62	21	27
1996	30690	30674	0	11	57	23	29
1996	30736	30737	0	102	417	146	169
1996	30737	30736	0	113	377	142	212
1996	30841	30929	52978	44	255	66	167
1996	30849	30885	49717	33	151	48	71
1996	30855	30874	52905	110	544	172	267
1996	30874	30855	7659	135	551	153	251
1996	30885	30849	11935	34	153	46	68
1996	30929	30841	13336	44	269	67	170
1996	30942	30955	6741	68	298	70	138
1996	30955	30942	49840	49	287	87	172
1996	30968	31545	11026	26	100	37	50
1996	31015	31017	53679	28	135	36	65
1996	31017	31015	5050	23	132	37	59
1996	31031	28870	5914	58	252	60	90
1996	31093	31096	5733	61	315	84	126
1996	31096	31093	53451	63	284	79	129
1996	31104	31105	53065	109	516	154	352
1996	31105	31104	9747	102	537	189	337
1996	31252	31251	46296	511	2582	898	1628
1996	31253	31252	46297	549	2877	987	1718
1996	31313	31326	51862	55	250	89	166
1996	31326	31313	11318	54	240	77	106
1996	31388	31387	52034	519	2420	738	1446
1996	31389	31390	52035	484	2425	752	1523
1996	31545	30968	52860	26	101	38	48
1996	31574	31575	53110	52	221	80	109
1996	31575	31574	9298	65	230	64	89
1996	31585	31668	53850	100	385	122	164
1996	31635	33700	11006	14	49	21	29
1996	31668	31585	6164	90	391	131	183
1996	31782	31783	53111	310	1733	545	1318
1996	31785	31784	53112	350	1822	467	1006
1996	32142	32143	13686	51	265	109	185
1996	32143	32142	43881	67	231	67	118
1996	32208	32226	51120	822	3419	1144	1559
1996	32226	32208	3088	593	3650	1466	1850
1996	32281	32283	54094	110	507	159	211
1996	32283	32281	6772	119	510	146	199
1996	32442	32480	52923	326	1278	333	568
1996	32480	32442	8373	273	1227	411	616
1996	32571	32579	52693	373	1701	413	935
1996	32577	32578	47357	292	1599	482	1250
1996	32705	32710	2687	52	169	33	35
1996	32710	32705	47235	25	146	57	72
1996	33689	29200	42179	35	194	57	85
1996	33695	13663	12813	670	2253	662	891
1996	33700	31635	43234	20	58	20	26
1996	33731	15992	18302	203	529	153	233
1996	36780	36781	53406	309	1691	407	540
1996	36781	36780	53407	217	1525	512	652
1998	10057	30133	51152	22	233	100	91
1998	10073	10074	15230	262	1641	528	771
1998	10074	10073	470	347	1695	451	541
1998	10079	10080	15232	253	555	36	48
1998	10080	10079	4530	24	699	215	60
1998	10255	10256	2072	215	885	193	305
1998	10256	10255	4678	187	963	258	453
1998	10305	10490	5774	388	2183	643	794
1998	10490	10305	10147	349	2055	638	795
1998	10540	10555	5539	406	1909	471	473
1998	10555	10540	10633	310	1766	521	640
1998	10827	10842	3025	509	2277	518	798
1998	10842	10827	7117	438	2167	514	765
1998	11118	11120	5346	867	4312	1263	1894
1998	11120	11118	6302	627	5081	1814	2418
1998	11504	11505	15861	732	3336	1076	1283
1998	11505	11504	4495	700	3272	1060	1322
1998	11617	12170	18837	319	698	173	306
1998	11652	11653	8199	87	637	175	275
1998	11653	11652	3851	100	641	167	237
1998	11959	11958	16509	1033	4814	1224	2577
1998	11960	11961	16510	1072	4931	1271	2573
1998	12170	11617	643	96	632	364	475
1998	12201	12202	17460	2096	6810	1988	3535
1998	12204	12203	11465	1456	7067	2874	4045
1998	12354	12709	19359	2836	10411	3307	5114
1998	12724	12391	19372	2551	10466	3327	4919
1998	13410	13447	13909	1721	7727	2261	3145
1998	13447	13410	13910	1901	10177	2943	4051
1998	13663	33695	1294	331	2525	988	1264
1998	13799	13800	22862	261	1546	705	997
1998	13800	13799	1846	567	1601	432	693
1998	13838	14341	23241	881	4634	1410	2841
1998	13904	13905	15805	232	1320	572	862
1998	13905	13904	6798	438	1451	383	619
1998	14337	14338	23239	930	4751	1390	2787
1998	14528	14562	19237	66	254	51	103
1998	14562	14528	9642	49	324	85	99
1998	15009	15012	6688	87	294	90	114
1998	15012	15009	23012	45	251	105	165
1998	15017	15037	23008	447	3298	969	1880
1998	15035	15015	23009	587	3209	834	1775
1998	15065	15066	22547	140	613	190	307
1998	15066	15065	6692	108	689	213	250
1998	15131	15157	18961	170	801	233	482
1998	15157	15131	1537	160	874	246	477
1998	15354	15365	1335	25	142	36	42
1998	15365	15354	17225	18	124	49	41
1998	15429	15430	15770	115	680	202	373
1998	15430	15429	886	77	656	226	361
1998	15485	15488	7840	177	1171	335	606
1998	15488	15485	24668	193	1146	310	683
1998	15593	15596	17158	186	588	228	429
1998	15596	15593	7788	174	669	316	422
1998	15664	23568	40173	11583	32575	9934	19178
1998	15726	15727	18967	9938	25618	7472	15088
1998	15727	22388	30148	5694	15755	4938	9378
1998	15727	22512	38697	4436	10214	2635	5786
1998	15728	15729	18968	7212	24474	8078	14198
1998	15731	24728	36468	6061	22771	7442	14657
1998	15761	15762	18371	518	2555	1118	1410
1998	15762	15761	1181	639	2378	807	1336
1998	15764	19801	1182	364	1161	496	639
1998	15787	19773	0	151	507	220	239
1998	15836	16099	26180	233	1069	329	397
1998	15917	15920	14447	77	322	171	186
1998	15919	15926	4300	73	397	226	303
1998	15920	15917	4730	114	317	110	199
1998	15926	15919	25854	184	439	112	190
1998	15933	15939	4646	252	1451	517	733
1998	15939	15933	7812	341	1411	398	580
1998	15980	15981	25868	267	1265	592	604
1998	15981	15980	11357	452	1125	373	610
1998	15992	33731	2715	85	492	253	377
1998	16099	15836	6147	197	1067	317	459
1998	16112	16117	10907	626	3729	1341	2494
1998	16117	16112	2730	828	4243	1257	2180
1998	16151	16152	26191	90	237	77	107
1998	16152	16151	1477	51	222	98	160
1998	16360	16359	22762	1694	7798	2577	4906
1998	16361	16362	19074	1766	7735	2572	4598
1998	16401	17397	10378	254	809	313	394
1998	17094	17095	23859	5134	13053	4037	6087
1998	17097	17098	23862	3208	14195	6279	7589
1998	17397	16401	27100	177	765	309	426
1998	17474	17510	25924	471	2794	1268	1664
1998	17510	17474	8896	925	2854	820	1318
1998	17525	18979	26347	2111	4903	1474	2436
1998	17555	17556	23645	163	1067	604	752
1998	17556	17555	3274	530	1166	360	740
1998	18206	18207	26094	3500	9415	3010	4832
1998	18207	18623	14894	6724	17595	5639	8797
1998	18311	18312	15673	1994	8644	4219	5034
1998	18319	18321	17587	3557	9009	2903	4360
1998	18611	18204	14982	2748	13117	5917	8048
1998	18979	17525	26345	1046	4991	2476	2996
1998	19564	19674	31981	164	1001	305	546
1998	19566	19673	10819	216	1631	452	700
1998	19673	19566	10820	218	1330	414	621
1998	19674	19564	31982	157	946	308	463
1998	19773	15787	0	155	533	201	273
1998	19801	15764	18372	403	1221	507	652
1998	19927	20362	0	1855	6748	1977	4749
1998	19995	20013	21743	5	68	11	15
1998	20013	19995	19114	10	78	17	16
1998	20293	20294	31004	346	1617	814	918
1998	20294	20293	4247	609	1298	452	993
1998	20362	19927	0	1544	7581	2790	3901
1998	20405	20427	20455	4967	15513	5388	10040
1998	20427	20405	21242	4363	16365	6213	10178
1998	21259	21596	32307	4679	17276	6389	10065
1998	21599	21256	32311	6151	16128	5107	9582
1998	22242	22476	33706	3912	10809	3400	7044
1998	22243	22237	22639	2498	5968	2119	3027
1998	22243	22346	30744	3876	12405	3298	8749
1998	22249	22254	33708	3385	10854	3491	7277
1998	22253	22254	25609	3756	11798	3473	8845
1998	22254	22436	31709	8046	27759	9056	20010
1998	22361	15728	32080	4207	13994	4894	8942
1998	22430	22242	31703	9855	28753	8513	18894
1998	22477	22254	31151	1115	5331	2096	3697
1998	22506	15728	38699	2666	10704	3747	5249
1998	22701	22704	28310	399	2296	817	1274
1998	22704	22701	3286	566	2368	697	996
1998	22958	22959	40067	48	282	77	122
1998	22959	22958	1121	26	246	87	108
1998	22965	22966	40071	182	857	272	474
1998	22966	22965	440	167	845	274	376
1998	23121	25521	34726	9417	27289	7005	16282
1998	23126	27210	3102	5	116	46	48
1998	23153	26717	45728	110	436	164	267
1998	23477	23478	33484	8742	31512	11034	20870
1998	23517	23518	37277	10757	32137	11365	21142
1998	23548	23549	40130	8747	32011	11802	21673
1998	24518	25679	45374	8754	35661	11451	24931
1998	24618	25277	39868	9851	37764	11505	27167
1998	24700	24701	36851	8529	23986	7264	16013
1998	24701	24708	40563	3910	10505	2704	6057
1998	24701	24787	42905	5469	15602	5454	11185
1998	24708	24710	36467	8030	20673	6144	12411
1998	24713	24714	42906	3760	13514	3887	8985
1998	24714	24715	37980	9986	32041	9143	21060
1998	24716	24708	37981	4120	10167	3440	6354
1998	24728	24717	41770	2310	9295	3568	5695
1998	24774	24714	39417	6510	18802	5660	12153
1998	25105	25161	35488	10282	30977	8706	22402
1998	25164	25163	28223	7513	29045	7947	22590
1998	25281	24585	40168	10728	36075	9867	25219
1998	25383	25384	39939	10209	29863	7703	18716
1998	25386	25387	39942	6888	28252	8051	19411
1998	25523	23116	34729	4963	26316	10243	18322
1998	25612	25613	40999	10412	29467	10269	20600
1998	25614	25615	41001	8611	30277	10778	20926
1998	25676	24514	45372	11455	36710	10357	24674
1998	26357	26358	31734	11374	25274	7901	14566
1998	26360	26357	28597	5549	25057	13436	19002
1998	26717	23153	45727	126	461	177	253
1998	26918	26919	40034	1208	6085	2081	3488
1998	26951	26980	42567	1438	7446	3611	5297
1998	26980	26951	47039	2783	7920	2618	4516
1998	27071	26915	37957	1220	5353	1783	3555
1998	27210	23126	39211	12	224	46	49
1998	28583	28596	3110	172	1611	612	802
1998	28596	28583	43405	411	1757	435	858
1998	28636	28643	52260	174	1081	307	548
1998	28637	28638	52254	108	390	83	90
1998	28638	28637	850	37	384	148	126
1998	28642	28636	52259	170	1077	314	547
1998	28772	28775	3834	140	1547	554	796
1998	28775	28772	50344	289	1735	430	540
1998	28870	31031	53635	49	302	84	135
1998	28877	28878	52211	153	640	197	310
1998	28878	28877	11774	150	660	175	288
1998	28950	28952	48869	59	270	84	148
1998	28952	28950	12165	67	318	81	120
1998	28977	28982	6406	289	1156	328	409
1998	28982	28977	50479	282	999	355	506
1998	29096	29097	38330	1434	4632	1229	1789
1998	29097	29096	49364	852	4395	1906	2558
1998	29200	33689	2079	32	120	37	54
1998	29222	29223	33501	33	206	59	80
1998	29223	29222	9302	48	234	59	80
1998	29245	29250	49178	61	263	63	102
1998	29250	29245	6564	35	257	87	102
1998	29324	29985	4003	191	801	213	315
1998	29423	29801	12733	1315	5626	2120	2479
1998	29469	29684	51281	1055	4546	1629	1898
1998	29684	29469	51276	1514	4890	1611	2058
1998	29704	29705	46840	926	3349	1175	1172
1998	29705	29704	46841	1338	6136	2323	2486
1998	29801	29423	52620	1564	5581	1820	2701
1998	29871	29872	9459	374	1541	417	755
1998	29872	29871	45841	253	1592	639	900
1998	29892	29895	11890	730	2742	734	1246
1998	29895	29892	45131	482	3002	1063	1554
1998	29985	29324	45797	166	754	251	353
1998	30083	30084	49803	109	542	260	320
1998	30084	30083	8566	202	572	162	227
1998	30133	10057	4096	71	270	73	92
1998	30294	30419	51390	829	4360	1274	2316
1998	30421	30420	44041	971	4455	1227	2199
1998	30503	30517	46392	130	617	183	393
1998	30517	30503	2460	96	543	161	295
1998	30653	30652	49562	364	2354	630	1250
1998	30654	30655	49563	350	2424	716	1585
1998	30658	30669	49569	60	203	41	137
1998	30669	30658	11603	49	222	98	107
1998	30674	30690	0	22	59	21	24
1998	30690	30674	0	11	57	22	26
1998	30736	30737	0	111	446	156	204
1998	30737	30736	0	127	433	165	234
1998	30841	30929	52978	51	287	70	181
1998	30849	30885	49717	33	162	46	71
1998	30855	30874	52905	161	616	147	245
1998	30874	30855	7659	110	602	196	300
1998	30885	30849	11935	36	153	44	63
1998	30929	30841	13336	49	267	67	163
1998	30942	30955	6741	70	322	75	147
1998	30955	30942	49840	53	307	93	183
1998	31015	31017	53679	28	149	38	68
1998	31017	31015	5050	27	140	37	66
1998	31031	28870	5914	66	288	66	95
1998	31093	31096	5733	64	367	101	156
1998	31096	31093	53451	70	330	92	160
1998	31104	31105	53065	115	554	168	345
1998	31105	31104	9747	122	588	183	361
1998	31252	31251	46296	671	3361	1182	2083
1998	31253	31252	46297	655	3461	1094	1998
1998	31313	31326	51862	59	266	99	177
1998	31326	31313	11318	58	249	81	118
1998	31388	31387	52034	678	3309	1016	1855
1998	31389	31390	52035	709	3266	1115	2171
1998	31574	31575	53110	53	241	83	117
1998	31575	31574	9298	65	244	69	104
1998	31585	31668	53850	108	393	119	159
1998	31635	33700	11006	23	58	14	20
1998	31668	31585	6164	90	397	133	187
1998	31782	31783	53111	355	1916	578	1406
1998	31785	31784	53112	401	1957	483	1075
1998	32142	32143	13686	75	244	70	117
1998	32143	32142	43881	51	278	115	202
1998	32208	32226	51120	979	3392	1058	1465
1998	32226	32208	3088	615	3653	1489	1986
1998	32281	32283	54094	111	514	158	219
1998	32283	32281	6772	121	533	153	191
1998	32442	32480	52923	296	1307	439	606
1998	32480	32442	8373	362	1377	350	584
1998	32500	32508	53430	616	3198	1003	2044
1998	32553	32548	53828	806	3157	873	1809
1998	32571	32579	52693	420	1865	454	1032
1998	32577	32578	47357	318	1779	535	1389
1998	32705	32710	2687	57	178	37	43
1998	32710	32705	47235	28	156	61	82
1998	33689	29200	42179	24	137	39	55
1998	33695	13663	12813	657	2440	726	1063
1998	33700	31635	43234	10	50	24	32
1998	33731	15992	18302	209	528	160	242
1998	36780	36781	53406	308	1821	463	612
1998	36781	36780	53407	203	1576	551	719
2000	10057	30133	51152	22	229	104	90
2000	10073	10074	15230	275	1891	611	882
2000	10074	10073	470	381	1943	531	629
2000	10079	10080	15232	69	326	46	50
2000	10080	10079	4530	13	296	107	72
2000	10255	10256	2072	176	873	220	305
2000	10256	10255	4678	135	850	263	467
2000	10305	10490	5774	427	2207	639	802
2000	10461	10465	1506	127	903	220	226
2000	10465	10461	4907	128	876	255	302
2000	10490	10305	10147	385	2203	680	845
2000	10540	10555	5539	390	1874	474	500
2000	10555	10540	10633	280	1692	534	696
2000	10663	10666	3384	731	3606	1447	1814
2000	10665	10655	3383	1179	3977	1080	1324
2000	10827	10842	3025	414	2029	583	741
2000	10842	10827	7117	363	2013	625	820
2000	11035	11036	10585	719	4059	1081	1496
2000	11036	11035	6944	440	3905	1380	1906
2000	11037	11180	8173	803	5891	1878	2653
2000	11118	11120	5346	816	4341	1250	1725
2000	11120	11118	6302	641	5056	1725	2234
2000	11180	11037	14600	843	5898	1768	2707
2000	11504	11505	15861	737	3296	1080	1302
2000	11505	11504	4495	693	3286	1092	1288
2000	11617	12170	18837	331	720	188	322
2000	11652	11653	8199	86	665	189	300
2000	11653	11652	3851	104	689	186	239
2000	11959	11958	16509	911	4754	1404	2810
2000	11960	11961	16510	934	4808	1461	2867
2000	12170	11617	643	101	650	376	489
2000	12201	12202	17460	1559	7428	3044	4292
2000	12204	12203	11465	2288	7532	2215	3994
2000	12354	12709	19359	3170	10733	3731	5754
2000	12724	12391	19372	2550	10639	3786	5284
2000	13410	13447	13909	1905	8428	2722	3658
2000	13447	13410	13910	2022	10667	3421	4759
2000	13663	33695	1294	391	2654	953	1054
2000	13799	13800	22862	296	1631	745	941
2000	13800	13799	1846	575	1604	433	725
2000	13838	14341	23241	889	4959	1523	2934
2000	13904	13905	15805	247	1364	577	892
2000	13905	13904	6798	471	1505	394	622
2000	14271	14270	23158	1917	7200	2132	3921
2000	14272	14273	23159	1282	6920	2492	4022
2000	14337	14338	23239	987	5024	1508	3016
2000	14528	14562	19237	53	255	57	102
2000	14562	14528	9642	43	267	91	98
2000	15009	15012	6688	101	314	90	116
2000	15012	15009	23012	46	263	108	171
2000	15017	15037	23008	519	3480	1015	1963
2000	15035	15015	23009	620	3370	920	1947
2000	15065	15066	22547	148	625	199	333
2000	15066	15065	6692	119	738	217	273
2000	15131	15157	18961	182	830	243	488
2000	15157	15131	1537	167	904	256	462
2000	15236	15342	17400	1091	6348	2468	2690
2000	15342	15236	1264	1825	6004	1798	2617
2000	15354	15365	1335	25	145	33	40
2000	15365	15354	17225	17	122	49	44
2000	15429	15430	15770	136	622	169	329
2000	15430	15429	886	77	615	221	335
2000	15485	15488	7840	200	1356	391	682
2000	15488	15485	24668	221	1337	359	747
2000	15593	15596	17158	193	578	232	369
2000	15596	15593	7788	199	714	346	435
2000	15664	23568	40173	12014	32535	9355	18721
2000	15726	15727	18967	8833	22868	6830	14046
2000	15727	22388	30148	5139	14502	4804	9266
2000	15727	22512	38697	4181	9753	2470	5697
2000	15728	15729	18968	6821	25528	8331	15377
2000	15731	24728	36468	6174	23906	8008	16079
2000	15761	15762	18371	502	2599	1151	1432
2000	15762	15761	1181	667	2352	806	1295
2000	15764	19801	1182	353	1147	516	658
2000	15787	19773	0	151	503	225	257
2000	15836	16099	26180	238	1117	349	414
2000	15917	15920	14447	88	333	176	193
2000	15919	15926	4300	73	415	221	299
2000	15920	15917	4730	120	334	120	204
2000	15926	15919	25854	167	437	111	182
2000	15933	15939	4646	239	1255	489	702
2000	15939	15933	7812	336	1313	399	492
2000	15980	15981	25868	213	1144	514	529
2000	15981	15980	11357	467	1083	359	531
2000	15992	33731	2715	79	466	251	328
2000	16099	15836	6147	184	1110	355	541
2000	16112	16117	10907	610	3627	1316	2594
2000	16117	16112	2730	786	4142	1278	2318
2000	16151	16152	26191	89	236	79	103
2000	16152	16151	1477	49	222	98	151
2000	16360	16359	22762	1769	8095	2646	4892
2000	16361	16362	19074	1793	7888	2641	4748
2000	16401	17397	10378	249	767	322	348
2000	17094	17095	23859	5266	12801	4170	5971
2000	17135	17136	7864	2512	8790	3495	4695
2000	17137	17138	2988	2810	11526	4417	6732
2000	17397	16401	27100	189	826	325	447
2000	17474	17510	25924	470	2757	1237	1658
2000	17525	18979	26347	2264	4835	1522	2316
2000	17555	17556	23645	160	1031	586	715
2000	17556	17555	3274	511	1107	339	628
2000	17731	17738	23352	3379	12414	4427	8027
2000	17736	17737	23350	2992	12593	4573	7473
2000	18206	18207	26094	3539	9497	2980	4646
2000	18207	18623	14894	7288	18085	5858	8995
2000	18311	18312	15673	1986	8453	4647	5505
2000	18319	18321	17587	3896	9019	3008	4540
2000	18611	18204	14982	2771	13340	6112	8352
2000	18979	17525	26345	1004	4787	2532	3037
2000	19564	19674	31981	158	991	298	519
2000	19566	19673	10819	185	1593	456	704
2000	19642	19643	26201	745	3020	1004	1850
2000	19643	19642	1574	597	3377	1213	1898
2000	19673	19566	10820	220	1279	391	600
2000	19674	19564	31982	172	968	296	414
2000	19773	15787	0	151	509	200	271
2000	19801	15764	18372	424	1197	502	612
2000	20293	20294	31004	351	1638	869	924
2000	20294	20293	4247	670	1380	460	945
2000	20362	19927	0	1637	6798	3162	4645
2000	20405	20427	20455	5207	16674	5605	10967
2000	20427	20405	21242	4439	18050	6803	10683
2000	21259	21596	32307	4861	18152	6289	10522
2000	21599	21256	32311	6615	17519	5361	10204
2000	22242	22476	33706	3870	11057	3449	7335
2000	22243	22237	22639	2693	5862	2266	2919
2000	22243	22346	30744	3881	12724	3559	8876
2000	22249	22254	33708	3310	10601	3590	7525
2000	22253	22254	25609	3778	11842	3738	8701
2000	22254	22436	31709	8238	27374	9294	20089
2000	22361	15728	32080	4256	14827	4799	9846
2000	22430	22242	31703	10444	29642	9273	19129
2000	22477	22254	31151	1290	5388	2115	4183
2000	22506	15728	38699	2566	10701	3532	5531
2000	22701	22704	28310	386	2252	854	1333
2000	22704	22701	3286	578	2379	732	1009
2000	22958	22959	40067	49	309	81	127
2000	22959	22958	1121	26	267	92	119
2000	22965	22966	40071	187	824	275	455
2000	22966	22965	440	178	811	272	351
2000	23121	25521	34726	9510	27220	7124	16812
2000	23126	27210	3102	5	111	44	46
2000	23153	26717	45728	110	452	189	297
2000	23477	23478	33484	9083	31624	11521	20989
2000	23517	23518	37277	10748	32842	11110	21444
2000	23548	23549	40130	8625	31546	11292	21175
2000	24518	25679	45374	9224	37642	11492	26595
2000	24700	24701	36851	9446	26473	8074	17611
2000	24701	24708	40563	3878	10568	2575	6140
2000	24701	24787	42905	5684	16227	5605	11686
2000	24708	24710	36467	8157	21210	6153	13168
2000	24713	24714	42906	4023	14635	4411	10441
2000	24714	24715	37980	9812	32029	9399	21867
2000	24716	24708	37981	4279	10642	3578	7029
2000	24728	24717	41770	2151	9271	3598	5638
2000	24774	24714	39417	6543	19701	5672	12949
2000	25105	25161	35488	11255	33298	9377	24511
2000	25164	25163	28223	8160	29926	8376	22799
2000	25383	25384	39939	6596	20768	5324	14039
2000	25386	25387	39942	6835	27612	7434	18308
2000	25523	23116	34729	5222	26990	10147	19148
2000	25612	25613	40999	9458	28527	9553	20778
2000	25614	25615	41001	7974	29398	10160	21384
2000	25676	24514	45372	11214	37012	10544	25598
2000	26357	26358	31734	11596	26032	7813	15173
2000	26360	26357	28597	5664	26633	14041	19955
2000	26717	23153	45727	137	489	192	275
2000	26918	26919	40034	1151	6011	2004	3473
2000	26951	26980	42567	1599	7605	3612	5543
2000	26980	26951	47039	2940	8095	2743	4502
2000	27071	26915	37957	1196	5335	1812	3509
2000	27210	23126	39211	12	224	46	47
2000	28583	28596	3110	156	1547	657	822
2000	28596	28583	43405	413	1805	461	800
2000	28636	28643	52260	191	1181	334	646
2000	28637	28638	52254	118	420	87	92
2000	28638	28637	850	33	391	169	143
2000	28642	28636	52259	144	1108	332	490
2000	28772	28775	3834	150	1567	541	657
2000	28775	28772	50344	275	1786	451	516
2000	28870	31031	53635	46	280	80	121
2000	28877	28878	52211	144	662	215	333
2000	28878	28877	11774	154	665	190	295
2000	28950	28952	48869	58	266	84	144
2000	28952	28950	12165	68	308	76	118
2000	28977	28982	6406	279	1145	345	428
2000	28982	28977	50479	297	1012	359	504
2000	29096	29097	38330	1560	4807	1300	1895
2000	29097	29096	49364	874	4449	2085	2837
2000	29222	29223	33501	36	224	65	106
2000	29223	29222	9302	48	241	62	89
2000	29245	29250	49178	58	263	61	97
2000	29250	29245	6564	33	254	83	98
2000	29324	29985	4003	181	738	208	296
2000	29423	29801	12733	1464	6010	2504	2847
2000	29469	29684	51281	1683	5940	2221	2402
2000	29684	29469	51276	2095	7237	2739	3429
2000	29704	29705	46840	1049	3581	1333	1312
2000	29705	29704	46841	1780	7973	2876	3179
2000	29801	29423	52620	1843	5972	2042	2935
2000	29871	29872	9459	389	1652	449	808
2000	29872	29871	45841	241	1628	623	921
2000	29892	29895	11890	742	3045	843	1334
2000	29895	29892	45131	507	3207	1152	1713
2000	29985	29324	45797	143	708	253	352
2000	30083	30084	49803	108	551	271	343
2000	30084	30083	8566	211	587	166	233
2000	30294	30419	51390	824	4500	1455	2607
2000	30421	30420	44041	961	4573	1392	2439
2000	30503	30517	46392	127	630	191	397
2000	30517	30503	2460	108	582	167	313
2000	30653	30652	49562	367	2478	665	1278
2000	30654	30655	49563	368	2404	700	1489
2000	30658	30669	49569	59	200	45	139
2000	30669	30658	11603	52	220	87	104
2000	30674	30690	0	20	57	19	23
2000	30690	30674	0	9	53	20	26
2000	30736	30737	0	106	348	152	174
2000	30737	30736	0	99	375	130	162
2000	30841	30929	52978	51	283	68	167
2000	30849	30885	49717	34	146	45	59
2000	30855	30874	52905	101	604	208	302
2000	30874	30855	7659	174	627	138	236
2000	30885	30849	11935	30	150	43	62
2000	30929	30841	13336	45	281	72	180
2000	30942	30955	6741	70	328	76	146
2000	30955	30942	49840	52	310	91	176
2000	31015	31017	53679	23	128	39	57
2000	31017	31015	5050	29	138	36	68
2000	31031	28870	5914	64	279	67	82
2000	31093	31096	5733	56	293	86	117
2000	31096	31093	53451	62	265	79	123
2000	31104	31105	53065	116	559	177	367
2000	31105	31104	9747	121	604	201	377
2000	31252	31251	46296	680	3318	1200	2123
2000	31253	31252	46297	672	3468	1207	2016
2000	31313	31326	51862	50	227	77	119
2000	31326	31313	11318	54	235	72	104
2000	31388	31387	52034	723	3479	1026	1867
2000	31389	31390	52035	755	3396	1153	2221
2000	31460	31462	53767	728	4855	1852	2776
2000	31462	31460	7823	1170	4669	1366	2248
2000	31574	31575	53110	51	209	79	106
2000	31575	31574	9298	58	214	66	90
2000	31585	31668	53850	120	408	120	150
2000	31635	33700	11006	10	49	22	26
2000	31668	31585	6164	85	399	147	200
2000	31782	31783	53111	366	1986	629	1489
2000	31785	31784	53112	401	2089	527	1133
2000	32045	32105	53516	477	2714	922	1241
2000	32105	32045	5598	647	2846	850	1029
2000	32142	32143	13686	81	242	70	115
2000	32143	32142	43881	52	281	117	188
2000	32208	32226	51120	998	3417	1066	1601
2000	32226	32208	3088	616	3532	1423	1847
2000	32281	32283	54094	95	514	178	245
2000	32283	32281	6772	130	550	144	186
2000	32442	32480	52923	328	1334	343	549
2000	32480	32442	8373	291	1258	412	581
2000	32500	32508	53430	618	3357	1066	2206
2000	32553	32548	53828	850	3227	881	1831
2000	32571	32579	52693	428	1920	450	1073
2000	32577	32578	47357	326	1851	558	1418
2000	32705	32710	2687	57	178	36	41
2000	32710	32705	47235	27	162	62	78
2000	33695	13663	12813	795	2403	662	906
2000	33700	31635	43234	23	55	14	20
2000	33731	15992	18302	207	502	144	206
2000	36780	36781	53406	332	1807	436	536
2000	36781	36780	53407	223	1616	560	720
2002	10057	30133	51152	23	245	105	90
2002	10073	10074	15230	266	1891	604	875
2002	10074	10073	470	392	1963	512	619
2002	10079	10080	15232	204	561	36	40
2002	10080	10079	4530	18	640	232	57
2002	10255	10256	2072	166	844	207	292
2002	10256	10255	4678	147	836	258	451
2002	10305	10490	5774	461	2366	705	884
2002	10461	10465	1506	129	881	213	225
2002	10465	10461	4907	137	828	236	279
2002	10490	10305	10147	409	2380	713	950
2002	10540	10555	5539	397	1966	501	509
2002	10555	10540	10633	281	1766	557	702
2002	10663	10666	3384	747	3712	1458	1857
2002	10665	10655	3383	1167	4139	1143	1391
2002	10827	10842	3025	407	2154	610	797
2002	10842	10827	7117	358	2143	654	891
2002	11035	11036	10585	889	4216	1155	1699
2002	11036	11035	6944	509	3992	1370	1839
2002	11037	11180	8173	1065	6730	2060	2676
2002	11118	11120	5346	980	4579	1345	1848
2002	11120	11118	6302	764	5470	1920	2384
2002	11180	11037	14600	1078	6898	2035	2889
2002	11617	12170	18837	326	747	185	324
2002	11652	11653	8199	89	687	194	304
2002	11653	11652	3851	106	690	194	256
2002	11720	11746	3860	948	2972	722	1020
2002	11746	11720	11854	416	2753	1183	1458
2002	11959	11958	16509	975	4945	1499	3082
2002	11960	11961	16510	891	5080	1522	2796
2002	12170	11617	643	107	662	375	495
2002	12201	12202	17460	1635	8004	3226	4635
2002	12204	12203	11465	2423	8022	2376	4285
2002	12354	12709	19359	3475	11671	3928	6119
2002	12724	12391	19372	2660	11602	4139	5762
2002	13410	13447	13909	1917	8380	2706	3628
2002	13447	13410	13910	2159	11316	3557	5016
2002	13663	33695	1294	380	2657	995	1082
2002	13799	13800	22862	330	1830	787	1000
2002	13800	13799	1846	619	1816	476	798
2002	13838	14341	23241	1188	5665	1547	3194
2002	13904	13905	15805	479	1536	380	637
2002	13905	13904	6798	240	1410	577	878
2002	14271	14270	23158	1992	7565	2194	4082
2002	14272	14273	23159	1348	7400	2644	4246
2002	14337	14338	23239	1052	5653	1606	3082
2002	14528	14562	19237	58	264	59	101
2002	14562	14528	9642	50	331	107	137
2002	14586	14597	10720	1007	5288	1640	3365
2002	14598	14588	10439	983	5289	1580	3170
2002	14987	14988	16927	270	1459	442	822
2002	14988	14987	2540	312	1497	437	792
2002	15009	15012	6688	92	308	88	112
2002	15012	15009	23012	42	260	111	166
2002	15017	15037	23008	553	3840	1117	2177
2002	15035	15015	23009	675	3723	999	2114
2002	15065	15066	22547	145	634	204	329
2002	15066	15065	6692	114	715	206	235
2002	15131	15157	18961	194	893	255	508
2002	15157	15131	1537	190	951	269	491
2002	15236	15342	17400	1086	6476	2499	2693
2002	15342	15236	1264	1825	6150	1819	2635
2002	15354	15365	1335	27	148	32	41
2002	15365	15354	17225	18	133	48	47
2002	15429	15430	15770	130	688	182	342
2002	15430	15429	886	79	668	219	341
2002	15485	15488	7840	196	1269	355	629
2002	15488	15485	24668	207	1224	319	685
2002	15593	15596	17158	219	718	290	480
2002	15596	15593	7788	225	816	387	507
2002	15664	23568	40173	12057	33326	9675	18669
2002	15726	15727	18967	8872	23306	6992	13617
2002	15727	22388	30148	5629	16164	5217	9657
2002	15727	22512	38697	4149	9744	2617	5462
2002	15728	15729	18968	7357	26159	8339	15078
2002	15731	24728	36468	6120	23915	7651	15226
2002	15761	15762	18371	492	2516	1118	1469
2002	15762	15761	1181	643	2354	853	1339
2002	15764	19801	1182	339	1192	527	652
2002	15787	19773	0	143	510	239	262
2002	15801	16091	6142	471	1716	797	883
2002	15836	16099	26180	263	1174	350	424
2002	15917	15920	14447	86	341	179	200
2002	15919	15926	4300	77	438	231	323
2002	15920	15917	4730	117	333	120	211
2002	15926	15919	25854	174	465	118	202
2002	15933	15939	4646	260	1487	520	760
2002	15939	15933	7812	330	1453	441	616
2002	15980	15981	25868	248	1283	553	598
2002	15981	15980	11357	453	1147	374	617
2002	15992	33731	2715	80	478	239	312
2002	16091	15801	26175	655	1604	600	858
2002	16099	15836	6147	189	1090	366	573
2002	16112	16117	10907	618	3831	1422	2702
2002	16117	16112	2730	851	4484	1318	2374
2002	16151	16152	26191	96	254	81	118
2002	16152	16151	1477	60	249	105	165
2002	16360	16359	22762	1850	8654	2776	5308
2002	16361	16362	19074	1816	8517	2807	5081
2002	16401	17397	10378	243	798	299	371
2002	17094	17095	23859	4801	13309	4101	5934
2002	17097	17098	23862	2912	14728	6015	7855
2002	17137	17138	2988	2953	11949	4520	6737
2002	17397	16401	27100	177	765	304	393
2002	17474	17510	25924	929	2982	852	1339
2002	17510	17474	8896	484	2918	1287	1711
2002	17525	18979	26347	2341	5058	1549	2333
2002	17552	19514	0	1677	4458	1376	2197
2002	17555	17556	23645	162	1074	597	737
2002	17556	17555	3274	507	1174	353	642
2002	17731	17738	23352	3782	13907	4813	9063
2002	17736	17737	23350	3188	13439	4830	7992
2002	17950	17951	20584	1359	5830	2729	3825
2002	17951	17949	20581	2176	5793	2002	3192
2002	18206	18207	26094	3715	10164	3114	4759
2002	18207	18623	14894	7127	18152	5786	8758
2002	18311	18312	15673	1998	9058	4924	5842
2002	18319	18321	17587	4031	9461	3170	4802
2002	18611	18204	14982	2963	14375	6225	8767
2002	18979	17525	26345	992	4906	2575	3171
2002	19478	19508	29385	884	4318	2116	2626
2002	19564	19674	31981	167	1064	311	533
2002	19566	19673	10819	221	1732	465	754
2002	19642	19643	26201	748	3014	970	1773
2002	19643	19642	1574	607	3300	1180	1788
2002	19673	19566	10820	232	1455	475	671
2002	19674	19564	31982	163	1011	320	432
2002	19773	15787	0	175	533	205	290
2002	19801	15764	18372	413	1225	480	590
2002	19927	20362	0	2462	7003	2317	4361
2002	20293	20294	31004	345	1738	899	993
2002	20294	20293	4247	703	1467	482	988
2002	20362	19927	0	1548	6969	3075	4762
2002	20405	20427	20455	5360	17505	5918	11378
2002	20427	20405	21242	4724	18982	6802	11139
2002	21259	21596	32307	5198	19582	6226	11156
2002	21599	21256	32311	6914	18372	5297	10506
2002	22242	22476	33706	3806	11102	3357	7253
2002	22243	22237	22639	2540	5837	2231	2804
2002	22249	22254	33708	3049	10917	3405	7072
2002	22253	22254	25609	3577	12380	3859	8898
2002	22254	22436	31709	7668	28454	9216	19352
2002	22361	15728	32080	4551	15307	4702	9838
2002	22430	22242	31703	4904	13629	4315	8468
2002	22477	22254	31151	1043	5157	1952	3384
2002	22506	15728	38699	2806	10852	3637	5241
2002	22701	22704	28310	402	2375	855	1365
2002	22704	22701	3286	572	2501	771	1052
2002	22958	22959	40067	41	269	77	107
2002	22959	22958	1121	23	243	85	108
2002	22965	22966	40071	196	957	301	487
2002	22966	22965	440	176	930	298	406
2002	23015	23022	27339	195	1149	338	517
2002	23022	23015	3130	142	1098	337	436
2002	23070	23072	35050	148	986	299	475
2002	23072	23070	5973	131	996	279	363
2002	23121	25521	34726	8656	27927	7350	17714
2002	23126	27210	3102	4	117	45	44
2002	23153	26717	45728	118	476	199	298
2002	23477	23478	33484	9204	32062	11274	20482
2002	23517	23518	37277	10597	33936	10970	22157
2002	23548	23549	40130	7550	32504	10347	21522
2002	24518	25679	45374	9149	37047	11242	25412
2002	24700	24701	36851	8120	23178	6907	14909
2002	24701	24708	40563	3851	10660	2607	6085
2002	24701	24787	42905	5552	16332	5501	11473
2002	24708	24710	36467	8165	21753	6352	13239
2002	24713	24714	42906	3901	14290	4121	9763
2002	24714	24715	37980	10064	32714	9427	21363
2002	24716	24708	37981	4315	11093	3746	7154
2002	24728	24717	41770	2218	9625	3531	5463
2002	24774	24714	39417	6497	19513	5636	12301
2002	25105	25161	35488	10900	32852	9267	23416
2002	25164	25163	28223	8092	29758	8153	21761
2002	25383	25384	39939	9737	30215	7984	19413
2002	25386	25387	39942	7175	29975	7665	20721
2002	25523	23116	34729	5393	27875	10276	18503
2002	25612	25613	40999	10363	31189	10191	21703
2002	25614	25615	41001	9121	32209	10621	21859
2002	25676	24514	45372	11365	37429	10716	25166
2002	26357	26358	31734	12054	28436	8388	16782
2002	26360	26357	28597	5784	32044	13115	19546
2002	26717	23153	45727	140	516	196	293
2002	26918	26919	40034	1329	7017	2102	3689
2002	26951	26980	42567	1616	8187	3690	5759
2002	26980	26951	47039	2979	8591	2868	4641
2002	27071	26915	37957	1224	6117	2032	3857
2002	27210	23126	39211	12	239	48	48
2002	28583	28596	3110	170	1687	659	841
2002	28596	28583	43405	423	1898	460	823
2002	28636	28643	52260	208	1290	362	683
2002	28637	28638	52254	113	376	71	91
2002	28638	28637	850	30	375	142	110
2002	28642	28636	52259	157	1194	364	557
2002	28772	28775	3834	201	1751	615	794
2002	28775	28772	50344	345	1888	483	568
2002	28870	31031	53635	52	298	82	123
2002	28877	28878	52211	146	677	223	331
2002	28878	28877	11774	159	690	198	309
2002	28950	28952	48869	62	275	86	160
2002	28952	28950	12165	73	338	83	127
2002	28977	28982	6406	284	1148	346	421
2002	28982	28977	50479	281	1013	366	520
2002	29096	29097	38330	1731	5277	1429	2033
2002	29097	29096	49364	906	4904	2334	3079
2002	29200	33689	2079	55	218	62	107
2002	29222	29223	33501	37	238	66	104
2002	29223	29222	9302	50	248	60	90
2002	29245	29250	49178	36	266	84	102
2002	29250	29245	6564	62	271	61	98
2002	29324	29985	4003	179	735	212	279
2002	29423	29801	12733	1483	6527	2783	2965
2002	29469	29684	51281	2361	8677	3121	3396
2002	29684	29469	51276	2609	9031	3283	3908
2002	29704	29705	46840	2326	7898	2733	3192
2002	29705	29704	46841	2296	10764	3900	4160
2002	29801	29423	52620	2103	6521	2113	3011
2002	29871	29872	9459	392	1635	447	817
2002	29872	29871	45841	251	1676	671	944
2002	29892	29895	11890	640	2629	720	1132
2002	29895	29892	45131	434	2931	1014	1419
2002	29985	29324	45797	142	711	257	338
2002	30083	30084	49803	111	583	275	333
2002	30084	30083	8566	223	629	165	213
2002	30133	10057	4096	58	241	49	55
2002	30294	30419	51390	1039	4771	1384	2419
2002	30421	30420	44041	861	4687	1478	2469
2002	30503	30517	46392	135	661	199	393
2002	30517	30503	2460	110	618	171	317
2002	30653	30652	49562	377	2617	708	1310
2002	30654	30655	49563	406	2553	708	1476
2002	30658	30669	49569	57	183	45	114
2002	30669	30658	11603	51	204	75	100
2002	30674	30690	0	19	56	20	20
2002	30690	30674	0	12	55	21	22
2002	30736	30737	0	109	368	154	180
2002	30737	30736	0	106	385	126	173
2002	30841	30929	52978	54	311	76	173
2002	30849	30885	49717	31	149	47	63
2002	30853	30854	52798	82	415	170	195
2002	30854	30853	6570	133	432	121	156
2002	30855	30874	52905	102	635	214	296
2002	30864	33684	52804	27	100	31	39
2002	30874	30855	7659	185	654	139	227
2002	30885	30849	11935	36	162	42	61
2002	30929	30841	13336	51	306	80	192
2002	30942	30955	6741	73	333	75	140
2002	30955	30942	49840	52	318	94	168
2002	31015	31017	53679	23	128	38	55
2002	31017	31015	5050	29	140	38	65
2002	31031	28870	5914	69	300	67	78
2002	31093	31096	5733	62	286	74	112
2002	31096	31093	53451	61	267	75	113
2002	31104	31105	53065	123	575	174	374
2002	31105	31104	9747	123	628	207	352
2002	31252	31251	46296	679	3576	1272	2264
2002	31253	31252	46297	707	3587	1275	2082
2002	31313	31326	51862	44	214	77	114
2002	31326	31313	11318	53	224	66	97
2002	31388	31387	52034	752	3731	1048	1964
2002	31389	31390	52035	728	3403	1158	2205
2002	31460	31462	53767	896	5082	2001	2556
2002	31462	31460	7823	1990	6743	1952	3037
2002	31574	31575	53110	54	207	78	104
2002	31575	31574	9298	61	218	68	84
2002	31585	31668	53850	120	391	113	134
2002	31635	33700	11006	9	48	26	25
2002	31668	31585	6164	78	381	143	180
2002	31782	31783	53111	365	2076	652	1516
2002	31785	31784	53112	413	2193	543	1159
2002	32045	32105	53516	905	4277	1263	1491
2002	32105	32045	5598	857	3225	906	1009
2002	32142	32143	13686	82	247	73	113
2002	32143	32142	43881	56	291	119	185
2002	32208	32226	51120	1003	3494	1062	1553
2002	32226	32208	3088	610	3569	1422	1812
2002	32281	32283	54094	98	536	170	232
2002	32283	32281	6772	133	558	134	175
2002	32442	32480	52923	341	1360	346	551
2002	32480	32442	8373	289	1296	411	596
2002	32500	32508	53430	653	3622	1152	2275
2002	32553	32548	53828	955	3548	923	1929
2002	32577	32578	47357	314	1674	528	1358
2002	32705	32710	2687	58	180	35	39
2002	32710	32705	47235	25	163	62	79
2002	33684	30864	6576	27	119	36	40
2002	33689	29200	42179	47	229	67	95
2002	33695	13663	12813	782	2460	678	889
2002	33700	31635	43234	28	55	14	19
2002	33731	15992	18302	196	509	139	206
2002	36780	36781	53406	328	1835	437	514
2002	36781	36780	53407	242	1665	547	675
1996	24475	24476	27905	1021	4578	1951	3175
1996	24476	24475	27966	1170	4588	1577	3503
1996	24646	24647	28060	2966	12709	5757	9156
1996	24647	24646	28069	6599	14718	5215	11766
1997	24853	24813	28515	723	3956	1379	1610
1997	24804	24854	28516	1713	4130	1268	2229
1997	25129	25130	29025	2792	12758	4607	7942
1997	25128	24899	29034	3827	11877	3160	7895
1997	24592	25214	29310	451	2149	1272	1176
1997	25214	24592	29314	1325	2086	607	1249
1996	25612	25613	30338	11918	31082	11221	25804
1996	25614	25615	30340	10387	32074	12171	25148
1996	25747	25749	30715	1111	7081	2796	4507
1996	25749	25747	30716	1204	6313	2002	3994
1996	25747	25620	30717	1239	5535	1906	3694
1996	25620	25747	30718	1182	6155	2433	3762
1996	26021	26013	31420	2725	7622	2081	5722
1996	26013	26021	31421	1912	7480	3054	5923
1997	26023	25984	31460	822	3108	1750	2266
1997	25984	26023	31461	1398	2817	1034	2374
1997	23469	26221	31869	761	4068	1718	3108
1997	26221	23469	31870	1451	4128	1275	3588
1997	26168	26425	32493	1469	4224	1325	3084
1997	26462	26463	32576	861	4399	1855	2965
1997	26532	26534	32718	2231	7025	2242	5516
1997	26534	26532	32722	1468	7213	3208	5282
1997	26685	23159	33193	292	1233	764	835
1997	23159	26685	33195	645	1362	435	864
1997	27030	27033	34015	1282	4336	2334	2926
1997	27033	27030	34016	1495	4097	1329	3952
2004	11596	11595	102341	64	395	260	0
2004	11602	11601	102344	415	739	205	0
2004	11603	11601	102345	365	631	181	0
2004	12188	12171	103115	18	43	16	0
2004	12247	12170	103194	198	1087	603	0
2004	12195	12258	103213	170	374	142	0
2004	12295	12294	103291	92	556	305	0
2004	12185	11571	103322	76	520	235	0
2004	13752	13751	106607	199	405	90	0
2004	13798	11593	106687	18	49	14	0
2004	11558	11593	106688	80	210	74	0
2004	13793	11591	106689	961	2166	490	0
2004	15008	15007	108554	62	249	68	0
2004	15012	15024	108568	91	225	98	0
2005	21742	21226	21942	0	0	14608	0
2005	25622	25784	30851	9842	0	13539	0
2005	23654	24199	27268	10036	0	13109	0
2005	21272	21743	21954	0	0	13009	0
2005	21284	21333	21002	9714	0	13002	0
2005	23992	23994	26711	10337	0	12851	0
2005	24432	24433	27787	12077	0	12679	0
2005	24430	24431	27786	12034	0	12249	0
2005	25789	25790	30812	9886	0	12233	0
2005	21716	21695	21913	0	0	12042	0
2005	23548	23549	25713	9563	0	11710	0
2005	23999	23988	26718	13044	0	11519	0
2005	21871	21709	22288	0	0	11398	0
2005	23477	23478	25660	10439	0	11350	0
2005	24514	24515	27936	10779	0	11114	0
2005	21351	21352	21007	13926	0	11110	0
2005	23517	23518	25685	10173	0	11041	0
2005	24630	24818	28413	0	0	11013	0
2005	25783	24539	30806	10436	0	10915	0
2005	22296	22297	23217	9609	0	10750	0
2005	24517	24518	27938	9897	0	10733	0
2005	24332	24333	27584	9971	0	10638	0
2005	26204	26170	31823	7908	0	10595	0
2005	21698	21868	22289	0	0	10542	0
2005	24860	25047	28885	11605	0	10530	0
2005	15664	23568	25728	12432	0	10390	0
2005	25524	25523	30108	5977	0	10287	0
2005	24714	24715	28162	10754	0	10241	0
2005	26170	26171	31790	6662	0	10100	0
2005	22294	22295	23216	11673	0	9921	0
2005	20432	20433	18889	0	0	9865	0
2005	25049	24857	28887	12572	0	9821	0
2005	25942	25913	31234	0	0	9724	0
2005	25781	25782	30805	11777	0	9585	0
2005	21520	21527	21428	0	0	9425	0
2005	22162	21998	22922	0	0	9158	0
2005	24017	24018	26751	8166	0	9069	0
2005	21446	21447	21226	8963	0	9026	0
2005	24700	24701	28152	10043	0	8927	0
2005	22084	22090	22735	0	0	8860	0
2005	21469	21470	21297	8879	0	8690	0
2005	21176	21174	20612	9173	0	8669	0
2005	21982	21998	22926	8837	0	8669	0
2005	24021	24022	26753	9305	0	8596	0
2005	25384	25404	29799	10854	0	8383	0
2005	21989	22104	22803	0	0	8367	0
2005	15726	15727	9455	10733	0	8347	0
2005	25486	25487	30025	5308	0	8188	0
2005	15728	15729	9456	7936	0	8184	0
2005	20438	20439	18894	0	0	8176	0
2005	21528	21511	21429	0	0	7872	0
2005	24507	24506	27928	1624	0	7861	0
2005	21961	21962	22479	7851	0	7788	0
2005	22096	22074	22741	0	0	7704	0
2005	23937	23946	26576	0	0	7666	0
2005	21734	21748	21947	0	0	7648	0
2005	25403	25386	29802	7885	0	7646	0
2005	21172	21173	20609	7410	0	7599	0
2005	25521	25522	30105	9182	0	7554	0
2005	21967	21968	22489	0	0	7378	0
2005	24129	23977	27043	0	0	7195	0
2005	23475	23476	25658	0	0	6352	0
2005	24646	24696	28331	3077	0	6281	0
2005	25324	24482	29644	805	0	6206	0
2005	21596	21597	21625	5320	0	6178	0
2005	21283	21284	21041	0	0	5880	0
2005	26632	26653	33126	3181	0	5802	0
2005	21598	21599	21626	7060	0	5487	0
2005	24235	24355	27618	0	0	5199	0
2005	24896	24944	28851	1736	0	5191	0
2005	24344	24347	27748	0	0	5123	0
2005	24506	25627	30377	3565	0	5084	0
2005	24647	24646	28069	6569	0	5051	0
2005	21349	21283	21039	0	0	5047	0
2005	25747	25600	30712	1051	0	5045	0
2005	26264	26255	32047	0	0	5027	0
2005	24020	24019	26756	0	0	4998	0
2005	23752	23739	26088	0	0	4964	0
2005	21932	21934	22450	0	0	4862	0
2005	21476	21404	21319	0	0	4784	0
2005	24629	24550	28382	0	0	4764	0
2005	23472	15586	25656	0	0	4716	0
2005	25014	24892	28782	1562	0	4670	0
2005	26210	26211	31838	976	0	4624	0
2005	21218	21758	22006	0	0	4535	0
2005	20951	48724	180310	0	0	4495	0
2005	23977	23978	26699	0	0	4464	0
2005	21880	21675	22293	0	0	4442	0
2005	23497	23496	25686	943	0	4434	0
2005	24091	24020	26884	0	0	4416	0
2005	20918	20924	19944	0	0	4397	0
2005	26654	26635	33127	5953	0	4362	0
2005	21758	21218	22007	0	0	4349	0
2005	26263	26269	32013	0	0	4324	0
2005	25196	25197	29241	0	0	4261	0
2005	21549	21517	21497	0	0	4255	0
2005	22088	20510	22707	0	0	4226	0
2005	20918	20924	19944	0	0	4201	0
2005	23904	23596	26520	0	0	4198	0
2005	23946	23937	26578	0	0	4181	0
2005	26223	26210	31880	1461	0	4087	0
2005	23540	23526	31010	0	0	4085	0
2005	25774	23519	30976	0	0	4077	0
2005	21505	21504	21390	0	0	4044	0
2005	23895	23894	26411	0	0	3973	0
2005	24196	24197	27232	0	0	3958	0
2005	24208	24196	27258	0	0	3949	0
2005	21144	20519	20522	0	0	3924	0
2005	24363	24338	27633	0	0	3888	0
2005	24358	24359	27611	0	0	3879	0
2005	23741	23627	26049	0	0	3771	0
2005	24347	24259	27754	0	0	3714	0
2005	24026	24037	26920	0	0	3709	0
2005	25253	25250	29450	1063	0	3662	0
2005	25327	24464	29673	1824	0	3597	0
2005	20887	20891	19849	0	0	3552	0
2005	25748	25747	30710	1818	0	3545	0
2005	21414	21413	21143	0	0	3540	0
2005	20886	20889	19831	0	0	3538	0
2005	21291	21289	20892	0	0	3530	0
2005	23782	23802	26216	0	0	3489	0
2005	21521	21554	21504	0	0	3474	0
2005	21634	21607	21730	0	0	3456	0
2005	26773	26854	33572	1537	0	3455	0
2005	23589	23497	30692	1798	0	3434	0
2005	25800	25801	30849	462	0	3426	0
2005	22013	22088	22709	0	0	3399	0
2005	24482	24481	27934	3089	0	3386	0
2005	19554	19553	17370	0	0	3355	0
2005	25194	25196	29269	1983	0	3321	0
2005	22286	22261	23202	0	0	3255	0
2005	21675	21880	22284	0	0	3244	0
2005	26385	26388	32370	576	0	3238	0
2005	26353	26355	32297	2483	0	3238	0
2005	24892	25014	28781	5458	0	3220	0
2005	26245	26243	31952	1370	0	3197	0
2005	22192	20613	22999	0	0	3197	0
2005	24789	24601	28366	1413	0	3191	0
2005	21488	21489	21347	0	0	3169	0
2005	25307	25253	29609	1642	0	3153	0
2005	25770	25601	30814	0	0	3147	0
2005	24355	24235	27619	0	0	3139	0
2005	25581	25547	30301	1543	0	3089	0
2005	22079	22073	22738	0	0	3062	0
2005	25592	25726	30666	0	0	3053	0
2005	23820	23765	26345	0	0	3031	0
2005	26488	26489	32610	0	0	3011	0
2005	23816	23817	26232	1445	0	3010	0
2005	25801	25772	30876	2078	0	3007	0
2005	22287	22286	23197	0	0	3001	0
2005	23922	23921	26547	0	0	2988	0
2005	21956	21955	22473	0	0	2985	0
2005	20519	21108	20439	0	0	2969	0
2005	23415	23382	25474	0	0	2947	0
2005	26365	26353	32422	2591	0	2940	0
2005	21299	21300	20863	0	0	2933	0
2005	25326	25264	29658	563	0	2930	0
2005	24025	24026	26755	0	0	2930	0
2005	25871	25965	31313	0	0	2910	0
2005	21792	21791	22076	1006	0	2895	0
2005	25591	25797	30824	944	0	2880	0
2005	20802	20806	19700	0	0	2879	0
2005	24484	24471	30282	741	0	2861	0
2005	23703	23620	25945	0	0	2820	0
2005	21471	21473	21334	0	0	2811	0
2005	22081	22006	22715	0	0	2791	0
2005	20613	20611	22471	0	0	2749	0
2005	23883	23895	26410	0	0	2739	0
2005	25603	25802	30873	0	0	2733	0
2005	20904	20915	19917	2076	0	2732	0
2005	21473	21471	21335	0	0	2730	0
2005	24895	25111	29098	3208	0	2704	0
2005	21554	21505	21510	0	0	2647	0
2005	22279	21956	23175	0	0	2647	0
2005	26500	26494	32651	0	0	2642	0
2005	24036	24053	26854	0	0	2610	0
2005	25802	25603	30874	0	0	2610	0
2005	24053	24063	26838	0	0	2600	0
2005	26283	26190	32062	1049	0	2599	0
2005	24436	24434	27804	0	0	2587	0
2005	25798	25623	30831	2060	0	2580	0
2005	25756	25734	30745	545	0	2579	0
2005	21324	21325	20946	2084	0	2577	0
2005	20976	19738	20102	1490	0	2571	0
2005	20898	20914	19910	1490	0	2571	0
2005	23765	23764	26107	0	0	2569	0
2005	21265	21264	20816	0	0	2551	0
2005	25601	25602	30329	0	0	2548	0
2005	21468	21399	21301	0	0	2546	0
2005	25594	25743	30688	467	0	2541	0
2005	25458	25378	29965	903	0	2515	0
2005	26213	26245	31961	3038	0	2511	0
2005	25746	25592	30704	0	0	2507	0
2005	21087	21015	20397	1585	0	2504	0
2005	26146	26422	32481	448	0	2500	0
2005	23802	23800	26214	0	0	2486	0
2005	21399	21468	21296	0	0	2470	0
2005	26490	26488	32616	0	0	2464	0
2005	21004	21153	20567	1586	0	2445	0
2005	21073	21085	20358	0	0	2419	0
2005	24445	24242	27818	0	0	2394	0
2005	25629	25627	30397	2144	0	2384	0
2005	24872	24871	28550	1100	0	2379	0
2005	19574	19573	17392	0	0	2375	0
2005	26073	23470	31578	991	0	2372	0
2005	21791	21243	22093	1308	0	2350	0
2005	22590	22589	23957	1040	0	2331	0
2005	23905	23904	26466	0	0	2331	0
2005	48724	20867	180709	0	0	2314	0
2005	23553	23552	25753	0	0	2294	0
2005	26774	26773	33436	2795	0	2284	0
2005	21583	21265	21627	0	0	2264	0
2005	21085	21076	20349	0	0	2258	0
2005	23866	23816	26346	3214	0	2254	0
2005	21013	21028	20633	889	0	2253	0
2005	20969	20976	20104	3839	0	2249	0
2005	15586	23472	25655	0	0	2228	0
2005	21509	21393	21452	0	0	2219	0
2005	22202	22201	23073	0	0	2204	0
2005	26254	26258	32067	715	0	2199	0
2005	21694	21717	22063	0	0	2195	0
2005	24871	25071	28944	1923	0	2195	0
2005	26253	26256	32083	709	0	2178	0
2005	25868	25919	31168	779	0	2173	0
2005	20492	20493	19045	0	0	2166	0
2005	25601	25602	30329	1021	0	2160	0
2005	21934	21932	22487	0	0	2156	0
2005	20914	20898	19911	3839	0	2149	0
2005	20462	20464	18967	0	0	2147	0
2005	25035	24887	28845	0	0	2120	0
2005	25301	25305	29599	493	0	2116	0
2005	24631	24844	28499	502	0	2115	0
2005	25744	25594	30693	828	0	2114	0
2005	21067	21088	20377	1294	0	2101	0
2005	24632	24549	28384	1275	0	2097	0
2005	26537	26536	32723	0	0	2059	0
2005	15603	22589	23966	1055	0	2036	0
2005	21228	21229	20789	0	0	2029	0
2005	21495	21488	21356	0	0	2028	0
2005	20568	20567	19198	0	0	2015	0
2005	15600	22619	24065	0	0	2000	0
2005	24641	24789	28357	3252	0	1991	0
2005	24057	24062	26801	0	0	1987	0
2005	23620	23703	25944	0	0	1985	0
2005	20806	20808	19686	0	0	1984	0
2005	21522	21509	21435	0	0	1984	0
2005	26388	26387	32368	1465	0	1984	0
2005	26595	26570	32915	0	0	1965	0
2005	26574	26595	32911	0	0	1961	0
2005	21928	21926	22485	0	0	1951	0
2005	21794	21801	22113	350	0	1950	0
2005	15659	15658	9388	0	0	1945	0
2005	24286	24285	27420	0	0	1943	0
2005	22303	21944	23246	1018	0	1929	0
2005	23552	23846	26341	0	0	1922	0
2005	20840	21046	20242	1232	0	1907	0
2005	26499	26500	32650	0	0	1902	0
2005	25459	25374	29971	1890	0	1900	0
2005	26061	26065	31541	307	0	1894	0
2005	23282	23265	25370	0	0	1888	0
2005	23469	23468	25652	353	0	1887	0
2005	22211	21930	23078	0	0	1874	0
2005	25754	25728	30731	733	0	1868	0
2005	26175	26176	31801	452	0	1866	0
2005	24555	25186	29297	261	0	1863	0
2005	20987	20990	20137	2055	0	1860	0
2005	24294	24319	27530	0	0	1856	0
2005	26241	26175	31943	692	0	1853	0
2005	26201	26202	31821	2160	0	1851	0
2005	25293	25298	29564	294	0	1839	0
2005	15624	15621	29809	484	0	1829	0
2005	20537	20536	19120	1016	0	1827	0
2005	24521	25338	30312	644	0	1827	0
2005	25377	25395	29762	512	0	1818	0
2005	24193	24192	27225	0	0	1809	0
2005	24271	24286	27425	0	0	1808	0
2005	21182	21168	20627	1298	0	1801	0
2005	20905	20899	19895	1518	0	1795	0
2005	26406	26350	32414	648	0	1784	0
2005	24468	24466	27967	2294	0	1772	0
2005	23704	23703	25941	0	0	1772	0
2005	23382	23381	25375	0	0	1765	0
2005	26237	26235	31925	838	0	1764	0
2005	21153	20621	20595	1791	0	1762	0
2005	21132	21138	20527	2353	0	1757	0
2005	21325	21324	20948	1872	0	1742	0
2005	21784	21678	22161	467	0	1742	0
2005	20493	20497	19069	0	0	1718	0
2005	24192	24184	27222	0	0	1717	0
2005	23605	24177	27188	0	0	1715	0
2005	21497	21448	21369	0	0	1704	0
2005	21532	21235	21468	0	0	1701	0
2005	20991	20992	20138	1451	0	1698	0
2005	21183	21182	20632	2047	0	1688	0
2005	24572	24571	27997	521	0	1688	0
2005	20743	20793	19655	0	0	1686	0
2005	25072	25085	28950	0	0	1660	0
2005	23416	23418	25484	0	0	1652	0
2005	22561	21928	23863	0	0	1647	0
2005	23604	24369	27641	0	0	1645	0
2005	21170	21182	20638	418	0	1643	0
2005	21031	21055	20289	857	0	1622	0
2005	25742	25592	30696	0	0	1621	0
2005	21693	21694	21888	0	0	1616	0
2005	24319	24228	27548	0	0	1609	0
2005	21377	21248	21088	0	0	1608	0
2005	21168	21172	20639	897	0	1599	0
2005	25305	25301	29600	0	0	1593	0
2005	20634	20753	19517	0	0	1582	0
2005	21348	21325	21003	970	0	1579	0
2005	24519	24507	29308	611	0	1579	0
2005	23521	26355	32425	576	0	1577	0
2005	22022	21991	22800	937	0	1570	0
2005	21682	21781	22056	1210	0	1566	0
2005	24486	24484	27972	924	0	1565	0
2005	21133	21132	20509	1263	0	1564	0
2005	26147	26146	31774	1024	0	1561	0
2005	25705	25706	30595	587	0	1561	0
2005	22174	22176	22951	617	0	1560	0
2005	23885	23892	26401	0	0	1559	0
2005	23604	24369	27641	0	0	1530	0
2005	26536	26532	32750	0	0	1527	0
2005	21378	21377	21076	0	0	1520	0
2005	22618	22617	24057	1323	0	1512	0
2005	20793	20782	19645	1280	0	1510	0
2005	20782	20796	19653	1350	0	1506	0
2005	21600	21224	21651	1401	0	1490	0
2005	24426	24425	27783	678	0	1489	0
2005	20780	20779	19613	0	0	1485	0
2005	21493	21497	21368	0	0	1484	0
2005	21224	21225	20785	1101	0	1480	0
2005	25246	24507	29425	1342	0	1467	0
2005	23965	23969	26655	841	0	1462	0
2005	25706	25683	30596	415	0	1461	0
2005	24240	24428	27841	315	0	1461	0
2005	23605	24177	27188	0	0	1449	0
2005	21159	21116	20575	921	0	1447	0
2005	26070	23501	31544	1092	0	1439	0
2005	24507	24506	27928	838	0	1434	0
2005	20474	20476	19024	0	0	1422	0
2005	24510	25246	29422	536	0	1421	0
2005	25778	25601	30828	1594	0	1415	0
2005	25073	25050	28958	0	0	1414	0
2005	20536	20537	19119	1111	0	1413	0
2005	25352	25535	30143	0	0	1412	0
2005	25908	25909	31164	1995	0	1412	0
2005	23470	26032	31462	1803	0	1404	0
2005	21391	21530	21446	725	0	1404	0
2005	25903	25928	31209	0	0	1398	0
2005	20469	20462	18972	0	0	1397	0
2005	23598	24155	27101	0	0	1392	0
2005	26290	26253	32101	1907	0	1384	0
2005	25642	25629	30382	933	0	1373	0
2005	23691	23620	25904	0	0	1370	0
2005	22026	22022	22790	973	0	1367	0
2005	21325	21324	20948	0	0	1362	0
2005	26175	26176	31801	1492	0	1361	0
2005	24062	24057	26823	0	0	1359	0
2005	20779	20548	19602	0	0	1350	0
2005	19989	19979	17901	0	0	1349	0
2005	24500	25304	29591	393	0	1349	0
2005	22557	21954	23866	1051	0	1348	0
2005	23467	26095	31632	0	0	1348	0
2005	26530	26526	32755	0	0	1339	0
2005	19553	19554	17369	0	0	1330	0
2005	21971	21972	22491	994	0	1329	0
2005	22109	22016	22784	1684	0	1326	0
2005	24310	23594	27497	887	0	1321	0
2005	21781	21682	22057	1103	0	1314	0
2005	21112	21111	20449	1267	0	1310	0
2005	21785	21797	22091	846	0	1306	0
2005	26531	26530	32724	0	0	1306	0
2005	20918	20924	19944	1266	0	1304	0
2005	26030	26025	31459	0	0	1298	0
2005	22572	15603	23958	1869	0	1293	0
2005	24882	48714	180461	564	0	1291	0
2005	15598	15599	9344	1195	0	1287	0
2005	21944	22231	23244	2194	0	1283	0
2005	21327	21324	20988	1531	0	1282	0
2005	24447	24240	27839	495	0	1278	0
2005	22597	22598	24001	0	0	1271	0
2005	26284	26183	32078	1534	0	1268	0
2005	22000	22174	180467	1525	0	1267	0
2005	20672	20674	19333	0	0	1264	0
2005	23513	23514	25682	521	0	1259	0
2005	23590	24162	27143	0	0	1256	0
2005	21579	21656	21802	0	0	1255	0
2005	26633	26655	33120	0	0	1249	0
2005	20476	20474	19025	0	0	1249	0
2005	21055	21031	20290	1379	0	1245	0
2005	25909	25905	31265	746	0	1238	0
2005	21793	21795	22079	925	0	1231	0
2005	20919	20918	19928	791	0	1219	0
2005	23938	23766	26562	0	0	1217	0
2005	23738	23626	26075	0	0	1217	0
2005	21132	21138	20527	0	0	1213	0
2005	23227	23231	25579	0	0	1210	0
2005	23381	23382	25374	0	0	1176	0
2005	25919	25868	31174	1904	0	1166	0
2005	21753	21218	21973	0	0	1157	0
2005	22230	22265	23154	300	0	1157	0
2005	20944	20835	20015	824	0	1153	0
2005	26220	23469	31857	602	0	1147	0
2005	22024	22109	22782	902	0	1144	0
2005	21937	21971	23027	1504	0	1142	0
2005	25589	25623	30838	399	0	1139	0
2005	21171	21168	20621	1250	0	1139	0
2005	24469	25578	30283	622	0	1128	0
2005	22661	19561	24152	0	0	1128	0
2005	15658	21889	22358	0	0	1126	0
2005	25928	25903	31210	0	0	1114	0
2005	26770	26771	33420	0	0	1111	0
2005	24887	25035	28844	0	0	1109	0
2005	23594	24309	27490	821	0	1104	0
2005	22193	21973	23023	512	0	1097	0
2005	23958	23935	26614	588	0	1095	0
2005	25186	24555	29296	498	0	1085	0
2005	21580	21579	21614	0	0	1085	0
2005	26685	26672	33188	0	0	1082	0
2005	23967	23965	26660	1281	0	1079	0
2005	24571	24572	27995	2353	0	1075	0
2005	20633	20634	19228	0	0	1074	0
2005	21530	21528	21439	903	0	1070	0
2005	24162	23590	27144	0	0	1065	0
2005	20835	20834	19755	752	0	1058	0
2005	25592	25726	30666	0	0	1051	0
2005	24505	24571	29587	876	0	1047	0
2005	21229	21228	20800	0	0	1046	0
2005	21773	21715	22002	0	0	1041	0
2005	22310	21958	23263	313	0	1030	0
2005	15609	15600	24060	0	0	1030	0
2005	24425	24426	27775	664	0	1025	0
2005	21843	21844	22238	0	0	1023	0
2005	22563	22539	23901	956	0	1020	0
2005	21267	21731	21956	0	0	999	0
2005	20735	20787	19631	0	0	996	0
2005	24526	25305	29597	0	0	989	0
2005	22537	22536	23849	608	0	985	0
2005	20567	20639	19483	0	0	984	0
2005	47447	21267	180575	0	0	982	0
2005	21254	21325	21004	0	0	980	0
2005	23378	23377	25356	0	0	976	0
2005	22600	22579	24006	551	0	973	0
2005	22554	22600	23989	0	0	969	0
2005	21248	21249	20804	0	0	969	0
2005	21249	21250	21694	0	0	965	0
2005	24503	24572	29436	1323	0	965	0
2005	21980	21966	22903	554	0	965	0
2005	20673	20672	19314	0	0	957	0
2005	25053	25082	28974	555	0	942	0
2005	26248	26247	31981	266	0	941	0
2005	23373	23366	25333	0	0	937	0
2005	25292	24611	29534	750	0	937	0
2005	25988	23467	31636	0	0	935	0
2005	20897	20896	19858	535	0	918	0
2005	22660	22661	24132	0	0	914	0
2005	25303	25301	29577	2003	0	908	0
2005	26979	26977	33866	0	0	905	0
2005	22082	22015	22713	0	0	904	0
2005	26630	26145	33057	0	0	879	0
2005	22536	21929	23871	754	0	868	0
2005	22321	22319	23324	470	0	866	0
2005	26350	26407	32418	1686	0	858	0
2005	24482	24481	27934	219	0	853	0
2005	21075	21074	20332	0	0	852	0
2005	24511	25632	30383	1155	0	843	0
2005	21245	21229	20819	0	0	841	0
2005	21046	21041	20240	845	0	840	0
2005	24048	24113	26959	0	0	838	0
2005	24522	24521	27941	1286	0	830	0
2005	24155	23598	27102	0	0	822	0
2005	25405	25406	29769	926	0	821	0
2005	23766	23938	26563	0	0	818	0
2005	23740	23738	26047	0	0	818	0
2005	19559	22664	24141	0	0	813	0
2005	21881	21848	22303	0	0	813	0
2005	22594	22595	23970	2342	0	810	0
2005	26655	26656	33114	0	0	810	0
2005	23886	23885	26380	0	0	803	0
2005	26355	23521	32424	1286	0	802	0
2005	24471	24484	30281	325	0	802	0
2005	22263	22261	23198	248	0	798	0
2005	21789	21788	22070	134	0	797	0
2005	20841	20821	19993	548	0	794	0
2005	24527	25244	29414	0	0	791	0
2005	20911	20897	19903	681	0	790	0
2005	23957	23756	26609	336	0	782	0
2005	22265	22289	23207	528	0	778	0
2005	24520	24508	30407	968	0	778	0
2005	15623	22595	23980	1110	0	773	0
2005	21966	21965	22499	526	0	773	0
2005	24483	24481	27960	205	0	771	0
2005	22601	22570	23995	761	0	770	0
2005	25771	24480	30980	0	0	768	0
2005	15587	15585	9392	292	0	761	0
2005	23659	23513	26697	745	0	746	0
2005	26533	26152	32730	0	0	745	0
2005	24470	24469	27971	898	0	744	0
2005	23617	23618	25785	0	0	739	0
2005	24294	24319	27530	314	0	730	0
2005	20821	20850	19988	530	0	730	0
2005	23367	23352	25322	0	0	727	0
2005	25320	25325	29654	216	0	724	0
2005	19982	19989	17898	0	0	707	0
2005	25388	25389	29756	290	0	706	0
2005	25866	25868	31179	263	0	703	0
2005	24425	24426	27775	319	0	699	0
2005	21844	21843	22240	0	0	699	0
2005	20798	20800	19666	0	0	692	0
2005	24195	23617	27234	0	0	688	0
2005	21268	21264	22038	0	0	688	0
2005	23935	23959	26615	545	0	687	0
2005	25230	25221	29355	457	0	686	0
2005	25229	25210	29359	497	0	674	0
2005	26532	26536	32749	0	0	674	0
2005	25772	25801	30875	342	0	672	0
2005	22228	22321	23326	951	0	671	0
2005	20756	20737	19532	573	0	670	0
2005	24501	24498	30538	1070	0	666	0
2005	23159	26685	33195	0	0	653	0
2005	22229	22228	23121	284	0	650	0
2005	21973	22193	23022	897	0	645	0
2005	21101	21100	20409	0	0	641	0
2005	24306	24294	27534	493	0	638	0
2005	24592	25238	29377	402	0	636	0
2005	20931	20925	19976	422	0	635	0
2005	21270	21245	21661	0	0	630	0
2005	26239	26236	31922	177	0	625	0
2005	19557	19560	17990	0	0	625	0
2005	22591	22572	23963	269	0	621	0
2005	26145	26144	31770	0	0	618	0
2005	25319	25315	29688	164	0	617	0
2005	23447	23227	25598	0	0	611	0
2005	24472	24471	27970	674	0	602	0
2005	20737	20738	19490	526	0	601	0
2005	22228	22321	23326	317	0	596	0
2005	22062	22066	22672	216	0	595	0
2005	21788	21806	22121	508	0	580	0
2005	20982	20984	20169	322	0	573	0
2005	21958	22310	23264	1295	0	570	0
2005	21848	21850	22285	0	0	564	0
2005	20920	20919	19931	363	0	563	0
2005	25795	25589	30829	847	0	558	0
2005	26185	26248	32057	671	0	553	0
2005	22560	22568	23888	329	0	525	0
2005	20923	20931	19983	428	0	524	0
2005	23551	23550	25752	200	0	523	0
2005	22227	22263	23200	303	0	518	0
2005	24424	23530	27777	634	0	506	0
2005	20552	20554	23134	123	0	505	0
2005	25214	24592	29314	969	0	503	0
2005	20666	20646	19287	349	0	499	0
2005	22015	22013	22711	0	0	499	0
2005	23959	23935	26616	484	0	488	0
2005	25918	25866	31173	420	0	488	0
2005	25391	25388	29820	410	0	465	0
2005	22324	22228	23330	215	0	454	0
2005	20665	20675	19315	185	0	454	0
2005	22568	22560	23890	290	0	451	0
2005	24319	24228	27548	130	0	449	0
2005	22580	22579	23914	0	0	444	0
2005	20797	20798	19663	0	0	436	0
2005	20554	20552	23136	203	0	427	0
2005	20919	20918	19928	253	0	411	0
2005	23927	23933	26645	199	0	393	0
2005	21110	21132	20518	0	0	392	0
2005	22579	22600	24004	123	0	381	0
2005	20671	20666	19308	477	0	377	0
2005	24113	24109	180330	0	0	372	0
2005	20675	20665	19313	529	0	370	0
2005	26025	25990	31448	0	0	366	0
2005	25661	25640	30471	119	0	366	0
2005	26367	26354	32417	238	0	361	0
2005	24508	25650	30404	248	0	357	0
2005	20598	20692	19361	369	0	356	0
2005	20754	20732	19524	369	0	356	0
2005	23321	23373	25334	0	0	352	0
2005	15585	15586	9332	854	0	348	0
2005	25662	25661	30469	278	0	348	0
2005	20796	20782	19651	0	0	347	0
2005	26238	26188	31923	379	0	344	0
2005	21585	21584	21628	0	0	340	0
2005	20668	20663	19322	173	0	339	0
2005	24320	24319	27532	208	0	334	0
2005	20830	20982	20126	386	0	328	0
2005	26354	26351	32290	199	0	325	0
2005	26291	26252	32103	117	0	324	0
2005	22066	22062	22673	622	0	323	0
2005	24528	24527	27977	0	0	322	0
2005	22599	22573	23996	134	0	320	0
2005	20599	20598	19173	300	0	314	0
2005	20732	20731	19486	300	0	314	0
2005	20453	20429	18925	0	0	312	0
2005	20778	20777	19612	0	0	310	0
2005	26472	26471	32584	0	0	253	0
2005	23345	23321	25336	0	0	249	0
2005	21584	21615	21770	0	0	247	0
2005	22228	22321	23326	380	0	245	0
2005	26497	26472	32655	0	0	242	0
2005	20667	20662	19305	271	0	229	0
2005	23550	23552	26285	277	0	221	0
2005	23607	23927	26670	143	0	202	0
2005	26180	26177	32086	213	0	189	0
2005	26359	26166	32295	72	0	188	0
2005	19555	22743	24254	0	0	185	0
2005	25597	25591	30835	47	0	164	0
2005	26166	26354	32292	170	0	164	0
2005	19556	19555	17389	0	0	154	0
2005	26240	23527	31932	78	0	149	0
2005	20444	20453	18931	0	0	110	0
2005	23471	23470	25709	99	0	97	0
2005	26092	26089	31629	0	0	77	0
2005	25611	25768	30847	107	0	68	0
2005	22234	22233	23105	92	0	68	0
2005	22235	22234	23228	79	0	64	0
2005	26094	26092	31627	0	0	55	0
2005	26244	26242	31951	6	0	14	0
2005	24509	25248	29438	8	0	12	0
2005	26194	26192	31950	7	0	6	0
2006	15726	15727	9455	9977	25605	8011	18224
2006	15728	15729	9456	7196	23353	7100	19637
2006	19549	19550	17366	531	1627	365	820
2006	19550	19549	17368	284	1887	916	1168
2006	19707	19708	17552	6009	28764	10754	12787
2006	19745	19746	17585	6539	27742	10358	13709
2006	21004	21005	20181	2132	5988	2040	3873
2006	21005	21004	20206	1654	4814	2067	3575
2006	21172	21173	20609	7771	22436	8103	19687
2006	21176	21174	20612	8207	23328	9985	20437
2006	21291	21299	20893	1488	4956	1657	3553
2006	21299	21291	20895	1392	4761	1483	3712
2006	21284	21333	21002	9416	29532	11329	20523
2006	21351	21352	21007	11840	29583	10775	22329
2006	21349	21283	21039	3760	11408	4275	8783
2006	21283	21349	21040	3755	11467	4191	8800
2006	21259	21596	21635	5293	18119	5469	13324
2006	21599	21256	21639	6849	18733	5159	12949
2006	22290	22296	23234	19863	61437	20119	51865
2006	15598	22618	24053	1184	4036	1620	2692
2006	22618	15598	24058	1124	3732	1212	2932
2006	15719	22631	24109	1472	4836	1116	3568
2006	22631	15719	24110	912	5380	2632	3900
2006	22812	22810	24365	227	844	167	227
2006	22810	22812	24367	0	0	0	12
2006	15574	22892	24641	4928	13992	4596	10732
2006	15568	22892	24642	3436	12940	5344	10884
2006	23145	23146	24953	144	624	152	276
2006	23149	23150	24957	2088	8372	3040	7320
2006	23159	23160	24964	436	1300	692	916
2006	23246	23247	25045	2768	8348	2856	6936
2006	23160	23159	25047	488	1364	680	1076
2006	15664	23568	25728	12333	32817	10235	23031
2006	23522	23521	25736	1488	4083	1796	3003
2006	23478	15736	26284	9308	30851	10745	24955
2006	23992	23994	26711	8616	29685	12091	22352
2006	23999	23988	26718	10911	31213	10900	22164
2006	24041	24042	26776	3783	14228	6625	10677
2006	24049	24050	26783	4877	14492	4579	9555
2006	24430	24431	27786	9345	28921	10479	23889
2006	24432	24433	27787	9720	30787	10253	25349
2006	24700	24701	28152	9979	26237	8208	22347
2006	24714	24715	28162	10709	32605	9095	25875
2006	24647	24630	28409	2508	13556	8928	11872
2006	24630	24817	28414	7808	12132	3940	8916
2006	24586	25105	29002	20864	61888	17741	54216
2006	25163	24617	29101	16675	60587	16784	55384
2006	25397	25408	29782	22172	38927	9964	30921
2006	24537	25402	29783	8711	31452	7785	27195
2006	25419	25411	29822	6781	26000	5824	22629
2006	15619	25440	29888	8708	24648	7269	20319
2006	25486	25487	30025	5068	19783	6001	17439
2006	15681	25490	30028	6871	21543	6199	18389
2006	25862	25899	31132	272	904	512	820
2006	25899	25862	31134	148	892	260	796
2006	25926	25927	31211	1092	2180	824	1968
2006	25927	25926	31212	696	2604	1572	1804
2006	26139	26141	31767	1024	2000	644	1644
2006	26141	26139	31791	440	2460	1544	1768
2006	26261	26165	32052	14748	42720	15420	36177
2006	26344	26345	32275	3852	16196	7703	14043
2006	26345	26344	32276	6623	15183	5513	11784
2006	26364	26363	32303	3511	13477	4931	8327
2006	26396	26393	32385	17769	43693	20081	43873
2006	26532	26534	32718	1368	6580	3048	6256
2006	26534	26532	32722	2412	6552	2204	5644
2006	26139	26545	32784	780	4395	2352	3723
2006	26545	26139	32786	1689	4240	1088	2831
2006	26553	26548	32796	2048	8031	3143	6923
2006	26548	26553	32797	2409	7257	2487	6356
2006	26577	26470	33015	1711	5900	2260	4429
2006	26470	26577	33018	907	4044	1639	2896
2006	26650	26639	33103	1983	5060	1868	4240
2006	26639	26650	33105	1413	5401	2468	4489
2006	26663	26665	33134	3376	8535	3124	6164
2006	26665	26663	33145	1859	8868	3795	6525
2006	26949	26951	33752	1287	6455	3347	6491
2006	26951	26949	33756	2460	6577	2496	4727
2006	26949	26959	33789	2320	6724	2252	5156
2006	26959	26949	33793	1140	5936	2740	5936
2006	26986	26774	33872	1268	5464	2808	4892
2006	26774	26986	33874	2120	5472	2068	4120
2006	26939	26988	33885	1320	3432	1192	2624
2006	26988	26939	33888	728	3444	1772	3292
2006	27006	23251	33946	716	2636	1044	1956
2006	23251	27006	33948	656	2944	1456	2356
2006	27013	23150	33955	2096	6004	2328	5472
2006	23150	27013	33957	1228	5764	2484	5232
2006	27017	23146	33959	228	1064	384	772
2006	27053	26920	34063	752	4896	2596	4800
2006	26920	27053	34065	2492	4972	1664	4904
2006	27470	27456	34822	14652	53793	18247	48061
2006	27714	27356	35527	1992	6856	2656	4248
2006	27356	27714	35530	1140	6332	2592	4492
2006	28080	27263	36565	1884	8048	3552	5500
2006	27263	28080	36566	2556	8460	2884	5392
2006	26451	46988	180213	1155	4088	2299	3797
2006	46598	23922	180387	8092	20057	9476	15608
2006	46988	26451	180469	1712	3381	1233	3287
